623852 1460830500 9  1 0 1077.58 720.812 8 1 0 1 0 0 0 0.000378022
1375706 1471296799 39  1 0 514.372 3833.99 8 1 0 0 0 0 0 0.000248452
1983109 1477860528 37  1 1 440.286 7286.48 0 1 0 0 0 0 1 0.000490772
2259709 1480791913 27  1 0 2074.29 741.589 8 0 0 1 0 1 1 0.000275161
2363116 1481872684 15  1 1 1936.95 4595.92 0 1 0 1 1 1 1 0.000736154
2760816 1486079525 39  1 1 1446.58 428.42 0 1 1 0 0 1 0 0.000644564
3039417 1489388459 37  1 1 315.966 370.961 0 1 1 0 0 0 0 0.000317121
3871110 1503316651 37  1 0 515.798 454.155 8 0 0 0 0 0 0 0.000199251
3940812 1504034116 39  1 1 1715.13 6544.68 0 1 1 0 0 1 1 0.000867164
4140973 1506079652 27  1 1 797.96 7546.48 0 1 0 1 1 1 1 0.000392272
4946128 1511337830 36  1 1 338.36 1316.05 0 0 0 1 1 1 1 0.000231501
5853343 1516416207 27  1 1 2690.62 7650.4 0 0 0 1 1 1 1 0.00119173
6087055 1517759018 39  1 1 300.897 521.054 0 1 1 0 0 0 0 0.000285991
6139575 1518061912 9  1 0 705.661 300.787 8 1 0 1 0 1 1 0.000252651
6366753 1519340729 39  1 0 985.552 311.253 8 1 0 0 0 1 0 0.000272302
6723196 1521910438 13  1 1 91.7331 1539.44 0 0 0 0 0 0 0 0.00016546
6849488 1522635088 37  2 0 1175.04 412.159 8 1 0 0 0 1 0 0.000364482
